1 0.125000
2 0.113389
3 0.091847
4 0.082868
5 0.068819
6 0.054911
7 0.039754
8 0.023629
9 0.006372
10 -0.012068
11 -0.031780
12 -0.052851
13 -0.075374
14 -0.099448
15 -0.125182
16 -0.152689
17 -0.182091
18 -0.213520
19 -0.247114
20 -0.283024
21 -0.321407
22 -0.362436
23 -0.406293
24 -0.453171
25 -0.503280
26 -0.556842
27 -0.614095
28 -0.675293
29 -0.740709
30 -0.810632
31 -0.885374
32 -0.965266
33 -1.050664
34 -1.141946
35 -1.239519
36 -1.343816
37 -1.455300
38 -1.574466
39 -1.701844
40 -1.838000
41 -1.983538
42 -2.139106
43 -2.305394
44 -2.483140
45 -2.673136
46 -2.876224
47 -3.093307
48 -3.325349
49 -3.573382
50 -3.838507
51 -4.121902
52 -4.424825
53 -4.748623
54 -5.094735
55 -5.464697
56 -5.860153
57 -6.282861
58 -6.734698
59 -7.217671
60 -7.733925
61 -8.285756
62 -8.875614
63 -9.506119
64 -10.180072
65 -10.900469
66 -11.670507
67 -12.493610
68 -13.373434
69 -14.313887
70 -15.319147
71 -16.393681
72 -17.542257
73 -18.769989
74 -20.082325
75 -21.485090
76 -22.984524
77 -24.587284
78 -26.300491
79 -28.131756
80 -30.089214
81 -32.181568
82 -34.418102
83 -36.808758
84 -39.364159
85 -42.095650
86 -45.015373
87 -48.136295
88 -51.472282
89 -55.038147
90 -58.849743
91 -62.924000
92 -67.279015
93 -71.934143
94 -76.910049
95 -82.228851
96 -87.914177
97 -93.991287
98 -100.487175
99 -107.430687
100 -114.852684
